map_height_platform = 10.0
map_width_platform = 15.0

#分辨率转化比例

TS_rate = 50.0

# 墙体坐标，用两端的中点表示

STONE_OF_QUEUE = [[5.760000,4.440000],[4.620000,1.180000]]

WALL_OF_QUEUE = [[[4.380000,3.280000],[1.200000,1.160000]],[[10.380000,3.940000],[7.000000,1.600000]],[[10.300000,7.040000],[7.740000,5.660000]],[[5.040000,7.000000],[1.980000,4.680000]]]

# WALL_OF_QUEUE = [[[1.0,1.0],[9.0,1.0]],[[11.0,1.0],[11.0,5.0]],[[11.0,7.0],[3.0,7.0]],[[1.0,7.0],[1.0,3.0]],[[1.0,8.0],[11.0,8.0]]]

# STONE_OF_QUEUE = [[5.0,5.0],[10.0,5.0]]

#子弹半径

BULLET_RADIUS = 0.034

#射击间隔数

SHOOT_INTERVAL_NUM = 10

ENEMY_SHOOT_INTERVAL_NUM = 50

#敌人生成间隔秒数

ENEMY_SPAWN_INTERVAL = 10

infantry_hp = 200

#速度上限

VERTICAL_LIMIT = 3.0

VERTICAL_ENEMY = 1.0

car_radius = 0.2
car_margin1 = 0.2
car_margin2 = 0.4

wall_width = 0.3